4294967279,102
4294967279,101
4294967279,100
4294967279,99
4294967279,98
4294967279,97
4294967279,96
4294967279,95
4294967279,94
4294967279,93
4294967279,92
4294967279,91
4294967279,90
4294967279,89
4294967279,87
4294967279,86
4294967279,85
4294967279,84
4294967279,83
4294967279,82
4294967294,61
4294967294,21
4294967294,97
4294967294,189
4294967294,185
4294967294,74
4294967294,174
4294967294,173
4294967294,164
4294967294,163
4294967278,10
4294967278,9
4294967278,8
4294967278,7
4294967278,6
4294967278,5
4294967278,4
4294967279,132
4294967279,131
4294967279,130
4294967279,129
4294967279,128
4294967279,126
4294967279,125
4294967279,122
4294967279,121
4294967279,120
4294967279,118
4294967279,117
4294967279,116
4294967279,114
4294967279,113
4294967279,112
4294967279,111
4294967279,229
4294967279,110
4294967279,109
4294967279,108
4294967279,107
4294967279,106
4294967279,105
4294967279,104
4294967279,103
4294967278,317
4294967279,513
4294967279,127
4294967278,316
4294967279,512
4294967279,124
4294967279,123
4294967279,254
4294967278,249
4294967279,119
4294967278,248
4294967279,249
21,5
4294967278,246
21,4
4294967279,247
21,3
21,2
21,1
4294967279,246
4294967278,244
4294967294,1422
4294967294,437
4294967279,245
4294967278,242
4294967278,240
4294967279,241
20,5
4294967278,239
20,4
4294967279,239
20,3
20,2
20,1
4294967279,136
4294967279,115
4294967278,238
4294967279,238
4294967278,237
4294967278,232
19,6
19,5
4294967278,230
19,4
19,3
19,2
19,1
4294967278,228
4294967294,1166
4294967278,227
4294967278,222
18,5
18,4
4294967278,220
18,3
18,2
18,1
4294967278,219
4294967278,218
4294967278,216
4294967278,215
17,4
4294967278,214
17,3
17,2
17,1
4294967278,315
4294967294,396
4294967294,409
4294967294,187
4294967294,399
4294967294,186
4294967294,1079
4294967294,385
4294967294,179
4294967294,407
4294967294,1243
4294967294,398
4294967294,406
4294967294,420
4294967294,1075
4294967294,167
4294967294,460
4294967294,169
4294967294,390
4294967278,213
4294967294,69
4294967278,36
4294967278,35
4294967278,34
4294967278,33
4294967278,32
4294967278,31
4294967278,30
4294967278,29
4294967278,28
4294967278,27
4294967278,26
4294967278,25
4294967278,24
4294967278,23
4294967278,22
4294967278,21
4294967278,20
4294967278,19
4294967278,18
4294967278,17
4294967278,16
4294967278,15
4294967278,14
4294967278,13
4294967278,12
4294967278,11
4294967279,26
4294967279,24
4294967278,314
4294967279,133
4294967278,313
4294967279,319
4294967278,209
16,5
16,4
4294967278,208
16,3
16,2
16,1
4294967278,312
4294967278,207
4294967279,318
4294967278,311
4294967279,317
4294967279,316
4294967278,310
4294967278,204
4294967278,203
15,5
4294967294,1240
4294967278,202
15,4
15,3
15,2
15,1
4294967279,315
4294967278,201
4294967278,309
4294967279,314
4294967278,308
4294967278,198
4294967278,307
4294967279,313
4294967279,312
4294967278,197
4294967278,196
14,6
4294967278,195
14,5
14,4
4294967278,194
14,3
14,2
14,1
4294967278,306
4294967278,193
4294967279,311
4294967278,305
4294967294,387
4294967294,40
4294967294,38
4294967294,37
4294967294,89
4294967294,1160
4294967294,1154
4294967294,176
4294967279,310
4294967279,309
4294967278,304
4294967278,190
4294967278,189
13,5
4294967278,188
13,4
13,3
13,2
13,1
4294967279,308
4294967278,187
4294967294,393
4294967294,392
4294967294,115
4294967294,114
4294967278,303
4294967279,307
4294967278,302
4294967278,184
4294967278,301
4294967279,306
4294967279,305
4294967278,183
4294967294,1246
4294967294,1066
4294967278,300
12,4
4294967278,181
12,3
12,2
12,1
4294967278,299
4294967294,1241
4294967294,471
4294967278,180
4294967279,304
4294967278,298
4294967294,107
4294967294,92
4294967294,90
4294967294,88
4294967294,86
4294967294,85
4294967294,413
4294967294,1244
4294967294,53
4294967279,303
4294967279,302
4294967278,297
4294967294,22
4294967279,21
4294967279,19
4294967279,18
4294967279,17
4294967279,15
4294967279,13
4294967279,12
4294967279,11
4294967278,177
4294967278,176
4294967278,175
4294967278,173
4294967278,172
4294967278,170
4294967278,169
4294967278,168
4294967278,167
4294967278,166
4294967278,165
4294967278,164
4294967294,457
4294967278,163
